1
0.952521122563003
0.907296489179253
0.864219071325189
0.823186922005109
0.784102934492289
0.746874612524284
0.711413851408645
0.677636729521043
0.64546330970243
0.61481745008526
0.58562662390113
0.557821747843423
0.531337018578803
0.506109757020687
0.482080259996182
0.459191658955475
0.437389785389319
0.416623042636152
0.396842283775476
0.37800069531856
0.36005368642121
0.34295878335645
0.326675528997394
0.311165387072424
0.296391650966122
0.282319356850117
0.2689152009383
0.256147460670564
0.24398591963859
0.232401796075981
0.221367674743556
0.210857442048572
0.200846224244378
0.191310328564212
0.182227187149866
0.173575303642504
0.165334202309258
0.157484379585194
0.150007257915987
0.142885141792065
0.136101175870175
0.129639305083268
0.123484236644306
0.117621403854063
0.11203693162728
0.106717603655581
0.101650831129446
0.0968246229452257
0.0922275573266714
0.087848754793848
0.0836778524154379
0.0797049792835139
0.0759207331527372
0.0723161581886962
0.0688827237727261
0.0656123043130494
0.0624971600144598
0.0595299185610376
0.0567035576685497
0.0540113884652415
0.0514470396616902
0.0490044424722566
0.0466778162524501
0.0444616548182171
0.0423507134147754
0.0403399963041554
0.0384247449420726
0.0366004267161514
0.0348627242188469
0.0332075250296791
0.0316309119825972
0.0301291538954408
0.0286986967395584
0.0273361552286855
0.0260383048071745
0.0248020740186186
0.023624537236806
0.0225029077418038
0.0214345311247829
0.0204168790059785
0.0194475430509154
0.0185242292707403
0.0176447525931688
0.0168070316912012
0.0160090840573665
0.0152490213118382
0.0145250447333181
0.0138354410021101
0.0131785781453105
0.0125529016745176
0.0119569309069216
0.0113892554610654
0.0108485319189851
0.0103334806468307
0.00984288276644075
0.00937557727070527
0.00893045827588986
0.00850647240441735
0.00810261629191368
0.00771793421261778
0.00735151581753561
0.00700249397998534
0.00667004274343481
0.00635337536677455
0.00605174246240003
0.0057644302226968
0.00549075873073103
0.00523008035114758
0.00498177819746722
0.00474526467215582
0.00451998007601009
0.00430539128356894
0.00410099048141562
0.00390629396638437
0.00372084100082767
0.00354419272223459
0.00337593110461998
0.00321565796922605
0.00306299404219547
0.00291757805698536
0.00277906589939828
0.00264712979320648
0.00252145752444227
0.00240175170251851
0.00228772905643073
0.00217911976437493
0.00207566681519484
0.00197712540014711
0.00188326233354514
0.00179385550091025
0.00170869333332432
0.00162757430673968
0.0015503064650615
0.00147670696587376
0.00140660164773386
0.0013398246180117
0.00127621786029788
0.00121563086045176
0.00115792025040451
0.00110294946887403
0.00105058843818886
0.00100071325645619
0.000953205904345464
0.000907953965793599
0.000864850361970868
0.000823793097877822
0.000784685020973541
0.000747433591263961
0.000711950662306173
0.000678152272610405
0.000645958446946011
0.000615293007081229
0.000586083391508806
0.000558260483730831
0.000531758448696415
0.000506514577005101
0.000482469136507307
0.000459565230950595
0.000437748665337229
0.000416967817674382
0.000397173516813468
0.000378318926089498
0.00036035943248507
0.000343252541056702
0.000326957774373641
0.000311436576731173
0.00029665222291173
0.000282569731277891
0.000269155780991574
0.000256378633163538
0.000244208055746569
0.000232615251994615
0.000221572792318555
0.000211054549377337
0.00020103563625087
0.000191492347548359
0.000182402103312698
0.000173743395588187
0.000165495737525096
0.000157639614900654
0.000150156439941721
0.000143028507339859
0.000136238952354723
0.000129771710906605
0.000123611481563707
0.000117743689334161
0.000112154451177134
0.000106830543151379
0.000101759369123496
9.69289309618522e-05
9.23278001456197e-05
8.79450907217481e-05
8.37704335458696e-05
7.97939517461794e-05
7.60062373522283e-05
7.23983290333162e-05
6.89616908938074e-05
6.56881922751848e-05
6.25700885170461e-05
5.96000026315127e-05
5.67709078476847e-05
5.40761109848325e-05
5.15092366149803e-05
4.90642119774002e-05
4.67352526093211e-05
4.45168486588437e-05
4.24037518476757e-05
4.03909630528332e-05
3.84737204779215e-05
3.66474883860037e-05
3.49079463673933e-05
3.32509791169755e-05
3.1672666696864e-05
3.01692752613521e-05
2.87372482222096e-05
2.73731978334176e-05
2.6073897175429e-05
2.48362725199851e-05
2.36573960574211e-05
2.25344789692504e-05
2.14648648296346e-05
2.04460233201248e-05
1.94755442428008e-05
1.85511318176417e-05
1.76705992506327e-05
1.68318635597544e-05
1.60329406466119e-05
1.52719406020407e-05
1.45470632345811e-05
1.38565938112404e-05
1.31988990004635e-05
1.25724230077123e-05
1.19756838945095e-05
1.14072700722357e-05
1.08658369623843e-05
1.03501038153707e-05
9.85885068036803e-06
9.39091551899987e-06
8.94519145605958e-06
8.52062416075108e-06
8.1162093522543e-06
7.73099042371281e-06
7.36405617902144e-06
7.01453867705873e-06
6.68161117826299e-06
6.36448618869316e-06
6.06241359694637e-06
5.77467889952375e-06
5.50060151044527e-06
5.23953315111389e-06
4.9908563166192e-06
4.75398281485141e-06
4.52835237496916e-06
4.31343132192835e-06
4.10871131393596e-06
3.91370813984129e-06
3.72796057361915e-06
3.55102928323465e-06
3.3824957913076e-06
3.22196148511759e-06
3.06904667360717e-06
2.92338968915187e-06
2.7846460319719e-06
2.652487555161e-06
2.5266016884043e-06
2.40669069854825e-06
2.29247098527331e-06
2.18367241020275e-06
2.08003765786032e-06
1.98132162696472e-06
1.88729085062065e-06
1.7977229440347e-06
1.71240607844924e-06
1.63113848004974e-06
1.55372795265985e-06
1.47999142309508e-06
1.4097545080992e-06
1.34285110183892e-06
1.27912298298081e-06
1.21841944042086e-06
1.16059691678105e-06
1.10551866882969e-06
1.05305444402189e-06
1.00308017239507e-06
9.55477673090386e-07
9.10134374805906e-07
8.66943049520023e-07
8.25801558855203e-07
7.86612612481996e-07
7.49283537991684e-07
7.13726061693173e-07
6.79856099815487e-07
6.47593559621925e-07
6.16862149965315e-07
5.87589200836214e-07
5.59705491477098e-07
5.33145086655944e-07
5.07845180711827e-07
4.83745949003599e-07
4.60790406410206e-07
4.38924272547899e-07
4.18095843385469e-07
3.98255868953788e-07
3.79357436860354e-07
3.61355861333262e-07
3.44208577532123e-07
3.27875040875894e-07
3.12316631149474e-07
2.97496561162197e-07
2.83379789742163e-07
2.69932938860558e-07
2.57124214689931e-07
2.44923332409671e-07
2.33301444580799e-07
2.2223107292066e-07
2.11686043316089e-07
2.01641423921358e-07
1.92073466194431e-07
1.82959548732085e-07
1.74278123771002e-07
1.66008666228305e-07
1.58131625160974e-07
1.50628377529332e-07
1.43481184155223e-07
1.366731477707e-07
1.30188173057994e-07
1.24010928586234e-07
1.1812681055489e-07
1.12521908258166e-07
1.07182971188658e-07
1.02097377702468e-07
9.72531051716413e-08
9.26387015533403e-08
8.82432583084952e-08
8.40563846058811e-08
8.00681827506008e-08
7.62692247788563e-08
7.26505301636457e-08
6.92035445786547e-08
6.59201196701113e-08
6.27924937887601e-08
5.98132736363801e-08
5.69754167834376e-08
5.42722150165215e-08
5.16972784761758e-08
4.92445205476115e-08
4.69081434685611e-08
4.46826246202343e-08
4.25627034689531e-08
4.05433691275788e-08
3.86198485073126e-08
3.67875950318483e-08
3.50422778871818e-08
3.33797717816554e-08
3.17961471920159e-08
3.02876610724187e-08
2.88507480044036e-08
2.74820117669123e-08
2.61782173064089e-08
2.49362830881141e-08
2.37532738102623e-08
2.26263934641521e-08
2.15529787235759e-08
2.05304926479959e-08
1.95565186845748e-08
1.8628754954875e-08
1.77450088127164e-08
1.69031916603223e-08
1.61013140104925e-08
1.53374807831286e-08
1.46098868249865e-08
1.39168126420621e-08
1.32566203345176e-08
1.2627749724535e-08
1.20287146679399e-08
1.14580995408742e-08
1.09145558932082e-08
1.03967992607793e-08
9.90360612891796e-09
9.43381104008185e-09
8.98630383875717e-09
8.56002704711315e-09
8.15397336520338e-09
7.76718328980319e-09
7.39874284625202e-09
7.04778142793796e-09
6.71346973831504e-09
6.39501783058743e-09
6.09167324042501e-09
5.80271920729492e-09
5.52747298020348e-09
5.26528420384228e-09
5.01553338132225e-09
4.77763040986124e-09
4.55101318596233e-09
4.3351462767851e-09
4.12951965456832e-09
3.93364749111163e-09
3.74706700946587e-09
3.56933739011701e-09
3.40003872907751e-09
3.23877104542149e-09
3.08515333591733e-09
2.93882267452252e-09
2.79943335461151e-09
2.66665607190876e-09
2.540177146195e-09
2.41969777994675e-09
2.30493335215624e-09
2.19561274566223e-09
2.09147770640129e-09
1.99228223306483e-09
1.89779199571879e-09
1.80778378201151e-09
1.7220449696607e-09
1.64037302397214e-09
1.56257501920244e-09
1.48846718263417e-09
1.41787446028553e-09
1.35063010322795e-09
1.28657527353355e-09
1.22555866892105e-09
1.16743616521267e-09
1.11207047575682e-09
1.05933082701154e-09
1.00909264952171e-09
9.61237283559574e-10
9.15651698732646e-10
8.72228226896353e-10
8.30864307739892e-10
7.91462246443987e-10
7.53928982837669e-10
7.18175871508414e-10
6.84118472345876e-10
6.51676351024077e-10
6.20772888950487e-10
5.9133510223272e-10
5.63293469234977e-10
5.36581766316596e-10
5.11136911364481e-10
4.86898814749554e-10
4.63810237354951e-10
4.41816655340397e-10
4.20866131323126e-10
4.00909191670859e-10
3.81898709616822e-10
3.63789793920552e-10
3.46539682811325e-10
3.30107642963549e-10
3.14454873265352e-10
2.99544413152943e-10
2.85341055294066e-10
2.71811262414221e-10
2.58923088069053e-10
2.46646101175686e-10
2.34951314124622e-10
2.2381111430233e-10
2.13199198862688e-10
2.03090512593105e-10
1.93461188728524e-10
1.84288492573399e-10
1.75550767798424e-10
1.67227385285121e-10
1.59298694397366e-10
1.51745976564731e-10
1.44551401067935e-10
1.3769798292192e-10
1.31169542757048e-10
1.2495066860358e-10
1.19026679489173e-10
1.13383590763339e-10
1.08008081066954e-10
1.02887460868755e-10
9.80096424944769e-11
9.33631115778209e-11
8.89368998657856e-11
8.47205593141081e-11
8.07041374116055e-11
7.68781536751136e-11
7.3233577259482e-11
6.97618056297268e-11
6.64546442449449e-11
6.33042872059907e-11
6.03032988211905e-11
5.74445960465387e-11
5.47214317588918e-11
5.21273788226357e-11
4.96563149121863e-11
4.7302408054463e-11
4.50601028571781e-11
4.29241073904074e-11
4.0889380690448e-11
3.89511208564414e-11
3.71047537116418e-11
3.5345922002541e-11
3.3670475110334e-11
3.2074459250421e-11
3.05541081367915e-11
2.91058340892379e-11
2.77262195623907e-11
2.64120090765641e-11
2.51601015313503e-11
2.39675428838064e-11
2.28315191739372e-11
2.17493498809989e-11
2.07184815949304e-11
1.9736481987963e-11
1.88010340721696e-11
1.79099307293876e-11
1.70610695005962e-11
1.62524476224401e-11
1.54821572991754e-11
1.47483811988707e-11
1.40493881632251e-11
1.338352912087e-11
1.27492331945036e-11
1.21450039926609e-11
1.15694160773639e-11
1.10211115993074e-11
1.04987970926337e-11
1.00012404217269e-11
9.52726787281444e-12
9.07576138350935e-12
8.64565590374762e-12
8.23593688189025e-12
7.84563787005193e-12
7.47383824300141e-12
7.11966102524668e-12
6.78227082117323e-12
6.46087184334771e-12
6.15470603433048e-12
5.86305127756217e-12
5.5852196930989e-12
5.32055601417229e-12
5.06843604074003e-12
4.82826516637591e-12
4.59947697502042e-12
4.38153190427863e-12
4.17391597210892e-12
3.97613956389613e-12
3.78773627704501e-12
3.60826182036592e-12
3.43729296565406e-12
3.27442654898677e-12
3.11927851938093e-12
2.9714830325642e-12
2.8306915877205e-12
2.69657220517165e-12
2.56880864305355e-12
2.44709965113777e-12
2.33115826003658e-12
2.22071110411354e-12
2.11549777650114e-12
2.01527021470265e-12
1.91979211532787e-12
1.82883837658103e-12
1.74219456718476e-12
1.65965642048637e-12
1.58102935255223e-12
1.50612800311265e-12
1.43477579827357e-12
1.3668045339629e-12
1.30205397912806e-12
1.2403714977483e-12
1.1816116887693e-12
1.12563604311038e-12
1.07231261693458e-12
1.02151572041036e-12
9.7312562123045e-13
9.27028262187938e-13
8.83114992143027e-13
8.41282309745477e-13
8.01431619307867e-13
7.63468998253474e-13
7.27304975589949e-13
6.92854320885915e-13
6.60035843252483e-13
6.28772199855258e-13
5.98989713504935e-13
5.70618198895981e-13
5.43590797083353e-13
5.17843817806614e-13
4.93316589289368e-13
4.6995131515954e-13
4.47692938152883e-13
4.26489010278067e-13
4.06289569136972e-13
3.87047020108347e-13
3.68716024116808e-13
3.51253390722371e-13
3.34617976278233e-13
3.18770586916514e-13
3.03673886133032e-13
2.89292306753074e-13
2.75591967070444e-13
2.62540590961905e-13
2.50107431788569e-13
2.38263199904654e-13
2.26979993602602e-13
2.16231233331624e-13
2.05991599034484e-13
1.96236970454677e-13
1.86944370273188e-13
1.78091909940667e-13
1.69658738077244e-13
1.61624991318247e-13
1.53971747489876e-13
1.46680981004359e-13
1.39735520369389e-13
1.33119007711586e-13
1.26815860218524e-13
1.20811233408364e-13
1.1509098614044e-13
1.09641647284295e-13
1.0445038396851e-13
9.95049713344687e-14
9.47937637236948e-14
9.03056672308132e-14
8.60301135573953e-14
8.19570351050227e-14
7.80768412488265e-14
7.43803957355411e-14
7.08589951527696e-14
6.75043484186825e-14
6.43085572437769e-14
6.12640975186225e-14
5.8363801583697e-14
5.56008413395017e-14
5.29687121571275e-14
5.04612175513275e-14
4.80724545799565e-14
4.57967999353449e-14
4.36288966948119e-14
4.15636416990749e-14
3.95961735287938e-14
3.77218610508997e-14
3.59362925077021e-14
3.42352651230473e-14
3.26147752010224e-14
3.10710086938597e-14
2.96003322168026e-14
2.81992844887502e-14
2.68645681784987e-14
2.55930421373588e-14
2.43817139998351e-14
2.32277331349239e-14
2.21283839314131e-14
2.10810794013537e-14
2.00833550866243e-14
1.9132863254224e-14
1.82273673666109e-14
1.736473681405e-14
1.65429418965551e-14
1.57600490435944e-14
1.50142162602945e-14
1.43036887894057e-14
1.3626794978807e-14
1.29819423448086e-14
1.23676138219729e-14
1.17823641906171e-14
1.12248166735755e-14
1.06936596942011e-14
1.01876437879668e-14
9.70557866038612e-15
9.2463303843216e-15
8.80881873007394e-15
8.39201462196133e-15
7.99493771539499e-15
7.6166540887408e-15
7.25627404452823e-15
6.91295001482542e-15
6.58587456584441e-15
6.27427849707477e-15
5.9774290304666e-15
5.6946280853963e-15
5.4252106353505e-15
5.16854314245599e-15
4.92402206616778e-15
4.69107244260111e-15
4.46914653116048e-15
4.25772252527753e-15
4.05630332421975e-15
3.864415363077e-15
3.68160749816936e-15
3.50744994525059e-15
3.34153326800574e-15
3.18346741446041e-15
3.03288079903152e-15
2.8894194280574e-15
2.75274606674733e-15
2.62253944558829e-15
2.4984935043396e-15
2.38031667183485e-15
2.26773117989466e-15
2.16047240973449e-15
2.05828826932799e-15
1.96093860025958e-15
1.86819461266908e-15
1.77983834695797e-15
1.6956621609892e-15
1.6154682415732e-15
1.53906813908944e-15
1.46628232414783e-15
1.39693976524567e-15
1.33087752642599e-15
1.26794038398949e-15
1.20798046135783e-15
1.15085688122828e-15
1.09643543420099e-15
1.0445882630982e-15
9.95193562232611e-16
9.48135290916477e-16
9.0330290053712e-16
8.60591074556213e-16
8.19899480820743e-16
7.81132535602563e-16
7.44199178810954e-16
7.09012659849125e-16
6.75490333610428e-16
6.43553466134169e-16
6.13127049463428e-16
5.84139625269153e-16
5.5652311682532e-16
5.30212668939692e-16
5.05146495463362e-16
4.81265734020222e-16
4.58514307614393e-16
4.36838792789919e-16
4.16188294032429e-16
3.96514324117167e-16
3.77770690121799e-16
3.59913384835745e-16
3.4290048331047e-16
3.26692044307326e-16
3.11250016410978e-16
2.96538148587536e-16
2.8252190497688e-16
2.69168383718724e-16
2.56446239621376e-16
2.44325610491269e-16
2.32778046949912e-16
2.21776445573133e-16
2.11294985195304e-16
2.01309066228704e-16
1.91795252855238e-16
1.82731217954527e-16
1.74095690638812e-16
1.65868406271237e-16
1.58030058849943e-16
1.50562255645956e-16
1.43447473988176e-16
1.3666902009379e-16
1.30210989847302e-16
1.240582314359e-16
1.18196309753288e-16
1.12611472488269e-16
1.07290617818292e-16
1.02221263632022e-16
9.7391518208509e-17
9.27900522840353e-17
8.84060724409226e-17
8.42292957557362e-17
8.02499256472615e-17
7.64586288674605e-17
7.2846513581304e-17
6.94051084839336e-17
6.61263429060527e-17
6.30025278607708e-17
6.00263379873304e-17
5.71907943492732e-17
5.44892480465951e-17
5.19153646033632e-17
4.94631090940925e-17
4.71267319739135e-17
4.49007555792206e-17
4.27799612670676e-17
4.07593771630763e-17
3.88342664890607e-17
3.70001164429279e-17
3.52526276047178e-17
3.35877038438812e-17
3.20014427040745e-17
3.04901262428712e-17
2.9050212304861e-17
2.76783262076282e-17
2.63712528210679e-17
2.51259290214266e-17
2.39394365023357e-17
2.2808994925941e-17
2.17319553980372e-17
2.0705794251873e-17
1.97281071260227e-17
1.87966033224055e-17
1.79091004312001e-17
1.70635192100224e-17
1.62578787053371e-17
1.54902916046402e-17
1.47589598084931e-17
1.40621702120067e-17
1.33982906858639e-17
1.27657662474412e-17
1.21631154130327e-17
1.15889267226105e-17
1.10418554289559e-17
1.05206203433864e-17
1.00240008306689e-17
9.55083394606108e-18
9.10001170775731e-18
8.6704784983321e-18
8.26122858907972e-18
7.87130378143501e-18
7.4997911599367e-18
7.14582095145706e-18
6.80856448567032e-18
6.48723225197065e-18
6.18107204827759e-18
5.88936721738195e-18
5.6114349666914e-18
5.34662476743052e-18
5.09431682953706e-18
4.85392064867398e-18
4.62487362194595e-18
4.40663972907063e-18
4.19870827590899e-18
4.00059269740475e-18
3.81182941712345e-18
3.63197676071384e-18
3.46061392074145e-18
3.29733997046448e-18
3.14177292423749e-18
2.99354884233734e-18
2.85232097811093e-18
2.71775896544278e-18
2.58954804463593e-18
2.46738832488939e-18
2.35099408164153e-18
2.24009308713057e-18
2.13442597260137e-18
2.03374562066199e-18
1.93781658636431e-18
1.84641454565047e-18
1.75932576987103e-18
1.67634662514211e-18
1.59728309536689e-18
1.5219503278027e-18
1.45017220010744e-18
1.38178090784992e-18
1.3166165715165e-18
1.2545268620921e-18
1.19536664433759e-18
1.13899763692666e-18
1.08528808864529e-18
1.03411246989419e-18
9.85351178770921e-19
9.3889026104227e-19
8.94621143350334e-19
8.52440379026566e-19
8.12249405917863e-19
7.73954315656735e-19
7.37465633834676e-19
7.02698110563223e-19
6.69570520931737e-19
6.38005474894024e-19
6.07929236138169e-19
5.79271549514873e-19
5.51965476619837e-19
5.259472391447e-19
5.011560696294e-19
4.77534069266062e-19
4.55026072421198e-19
4.33579517558617e-19
4.13144324260577e-19
3.93672776058923e-19
3.75119408801653e-19
3.57440904293298e-19
3.40595988959841e-19
3.24545337300784e-19
3.09251479902069e-19
2.94678715794362e-19
2.80793028951315e-19
2.6756200873222e-19
2.54954774082603e-19
2.42941901315225e-19
2.31495355302282e-19
2.20588423917634e-19
2.10195655575467e-19
2.00292799719105e-19
1.90856750120572e-19
1.81865490858085e-19
1.73298044844972e-19
1.65134424789444e-19
1.57355586470397e-19
1.499433842198e-19
1.42880528507434e-19
1.36150545528645e-19
1.29737738700502e-19
1.23627151976182e-19
1.17804534891706e-19
1.12256309263171e-19
1.06969537456528e-19
1.01931892155602e-19
9.71316275575956e-20
9.25575519286447e-20
8.81990014551709e-20
8.40458153298395e-20
8.00883120137969e-20
7.63172666196333e-20
7.27238893621331e-20
6.92998050263837e-20
6.60370334051867e-20
6.29279706599994e-20
5.99653715617821e-20
5.71423325702004e-20
5.44522757115868e-20
5.18889332179423e-20
4.94463328910333e-20
4.71187841573486e-20
4.49008647812848e-20
4.27874082054836e-20
4.07734914887003e-20
3.88544238129931e-20
3.70257355333477e-20
3.52831677441227e-20
3.36226623379177e-20
3.20403525336075e-20
3.05325538513976e-20
2.90957555137869e-20
2.77266122523376e-20
2.64219365010851e-20
2.51786909583408e-20
2.3993981499491e-20
2.28650504242235e-20
2.1789270022394e-20
2.07641364434896e-20
1.97872638553578e-20
1.88563788785456e-20
1.79693152832399e-20
1.71240089364112e-20
1.63184929873524e-20
1.55508932803595e-20
1.48194239838317e-20
1.41223834255776e-20
1.34581501245946e-20
1.28251790100469e-20
1.22219978186088e-20
1.16472036617542e-20
1.10994597549725e-20
1.05774923012671e-20
1.00800875216593e-20
9.60608882575519e-21
9.15439411577047e-21
8.72395321771243e-21
8.31376543372004e-21
7.92287720984463e-21
7.55037991382405e-21
7.19540771766023e-21
6.85713558005488e-21
6.53477732399207e-21
6.22758380497807e-21
5.93484116566149e-21
5.65586917275783e-21
5.39001963239616e-21
5.13667488018727e-21
4.89524634248878e-21
4.66517316550826e-21
4.44592090904406e-21
4.23698030181472e-21
4.03786605547175e-21
3.84811573452746e-21
3.66728867956041e-21
3.49496498118541e-21
3.33074450239363e-21
3.17424594698124e-21
3.02510597189288e-21
2.8829783414087e-21
2.74753312120154e-21
2.61845591038377e-21
2.49544710975212e-21
2.37822122452363e-21
2.26650619993584e-21
2.16004278816162e-21
2.05858394506192e-21
1.96189425536929e-21
1.8697493849617e-21
1.7819355589491e-21
1.69824906435572e-21
1.61849577623836e-21
1.54249070613558e-21
1.47005757179505e-21
1.40102838717574e-21
1.33524307176915e-21
1.27254907832874e-21
1.21280103813963e-21
1.1558604230019e-21
1.10159522313936e-21
1.04987964028312e-21
1.00059379521475e-21
9.53623449087246e-22
9.0885973787449e-22
