0.670012799663115	0	-0.446248948863636
0.635669454356419	0.0570583383659763	-0.446248948863636
0.585472719515139	0.103245968937065	-0.446248948863636
0.534260809132897	0.148321654478828	-0.446248948863636
0.483491485245299	0.193894174619317	-0.446248948863636
0.433439563281362	0.240253931960004	-0.446248948863636
0.384128992418732	0.287401206158161	-0.446248948863636
0.335533669117774	0.335285475070411	-0.446248948863636
0.287645694485389	0.383877191214092	-0.446248948863636
0.240494461375618	0.433184054987387	-0.446248948863636
0.194130794529689	0.48323187108608	-0.446248948863636
0.148554341371667	0.533998037555996	-0.446248948863636
0.103478059021183	0.58520955689906	-0.446248948863636
0.0573072370229959	0.635421937235968	-0.446248948863636
0.00035096459572527	0.67001117171057	-0.446248948863636
-0.0568092420602344	0.63591673935822	-0.446248948863636
-0.103013647360896	0.585736107183661	-0.446248948863636
-0.148088971475216	0.534523606938959	-0.446248948863636
-0.193657942392216	0.483750716849026	-0.446248948863636
-0.240013238445423	0.43369528784894	-0.446248948863636
-0.287156655101454	0.384380897150879	-0.446248948863636
-0.335037299039873	0.335781882414127	-0.446248948863636
-0.383625381322621	0.287890229015596	-0.446248948863636
-0.432928463052484	0.240735108992441	-0.446248948863636
-0.482972606981747	0.194367134432808	-0.446248948863636
-0.533735256170032	0.148787064193397	-0.446248948863636
-0.584946252773446	0.103710241536989	-0.446248948863636
-0.635174223976355	0.0575559069604659	-0.446248948863636
-0.670006286761724	0.00070200002428085	-0.446248948863636
-0.636163815902948	-0.0565599191059269	-0.446248948863636
-0.585999133533643	-0.102781610895701	-0.446248948863636
-0.53478641557374	-0.147856305871215	-0.446248948863636
-0.484010380186323	-0.193421355790357	-0.446248948863636
-0.433950765598185	-0.239772816698418	-0.446248948863636
-0.384632697368787	-0.286912243285187	-0.446248948863636
-0.336030113485749	-0.334789142499668	-0.446248948863636
-0.288134794240649	-0.383373578712587	-0.446248948863636
-0.240975745641197	-0.43267292467317	-0.446248948863636
-0.194603720881624	-0.482713115301802	-0.446248948863636
-0.149019771731931	-0.533472522940558	-0.446248948863636
-0.103942385912559	-0.584682955888878	-0.446248948863636
-0.0578043768936085	-0.634926291009348	-0.446248948863636
-0.00105277322752772	-0.669998152782441	-0.446248948863636
0.056310376090969	-0.63641067222415	-0.446248948863636
0.102549147820828	-0.586262604597347	-0.446248948863636
0.147623661516823	-0.535049230542319	-0.446248948863636
0.193185164571579	-0.484269652350216	-0.446248948863636
0.239532220288783	-0.434206470912974	-0.446248948863636
0.286667769569402	-0.384884600294013	-0.446248948863636
0.334541003637203	-0.336278364145916	-0.446248948863636
0.38312186364263	-0.288379312185887	-0.446248948863636
0.432417464771695	-0.241216347820825	-0.446248948863636
0.482453818819576	-0.194840168452243	-0.446248948863636
0.533209757241717	-0.149252535524598	-0.446248948863636
0.584419735379623	-0.104174431824215	-0.446248948863636
0.63467814994292	-0.0580526401305911	-0.446248948863636
0.683064460028681	0	-0.386749089015152
0.645654098977214	0.056500679537554	-0.386749089015152
0.59303376548866	0.101936472597328	-0.386749089015152
0.539799813932918	0.146662624837715	-0.386749089015152
0.487257996688514	0.192198265302155	-0.386749089015152
0.435664378718286	0.238805356786129	-0.386749089015152
0.385050329765363	0.286474583173492	-0.386749089015152
0.335402236837317	0.33514919449963	-0.386749089015152
0.286722542140506	0.384792371064178	-0.386749089015152
0.23904795558421	0.435401457441877	-0.386749089015152
0.192435254880977	0.486990065084652	-0.386749089015152
0.146894284217598	0.539527414827232	-0.386749089015152
0.102166052436789	0.592759199694817	-0.386749089015152
0.0567444684270656	0.645392150648472	-0.386749089015152
0.000357806066602164	0.683062532978092	-0.386749089015152
-0.0562566743095427	0.645915878816146	-0.386749089015152
-0.101706880454023	0.593308329251892	-0.386749089015152
-0.146430634118657	0.540072650050904	-0.386749089015152
-0.191961152272528	0.487526125994014	-0.386749089015152
-0.23856269218828	0.435927427896536	-0.386749089015152
-0.286226616183317	0.385308349999476	-0.386749089015152
-0.334896177074998	0.335655305404375	-0.386749089015152
-0.384534357700283	0.286970604779555	-0.386749089015152
-0.435138381704858	0.239290749133394	-0.386749089015152
-0.486721907330375	0.192672495949595	-0.386749089015152
-0.539254625834402	0.147126315599431	-0.386749089015152
-0.592484778955717	0.102395497557923	-0.386749089015152
-0.64512997374786	0.0569881015535305	-0.386749089015152
-0.683056749972669	0.000715713074653472	-0.386749089015152
-0.646177478544226	-0.0560124587334817	-0.386749089015152
-0.593582743583929	-0.101477398709928	-0.386749089015152
-0.54034508191388	-0.146199027268612	-0.386749089015152
-0.487794202200151	-0.191724137593849	-0.386749089015152
-0.436190508258433	-0.238320051055477	-0.386749089015152
-0.385566426790928	-0.285978645980938	-0.386749089015152
-0.335908398623917	-0.334643186139968	-0.386749089015152
-0.287218610666551	-0.384276456521368	-0.386749089015152
-0.239533369105102	-0.434875550581816	-0.386749089015152
-0.192909460271657	-0.486454120485718	-0.386749089015152
-0.147358028833986	-0.538982258466456	-0.386749089015152
-0.102625175823149	-0.592210063953636	-0.386749089015152
-0.0572314561881175	-0.644867705447339	-0.386749089015152
-0.00107325259786527	-0.683047123847976	-0.386749089015152
0.0557680586349119	-0.646438865327116	-0.386749089015152
0.1012476567586	-0.59385745095849	-0.386749089015152
0.145967078055491	-0.540617963631639	-0.386749089015152
0.191487152595372	-0.488062302934785	-0.386749089015152
0.238077515884708	-0.436453530342728	-0.386749089015152
0.285730775179091	-0.385824453340642	-0.386749089015152
0.334390219873603	-0.336161518317724	-0.386749089015152
0.38401851008476	-0.287466711189398	-0.386749089015152
0.434612517072892	-0.239776228118896	-0.386749089015152
0.486185934410047	-0.193146829380417	-0.386749089015152
0.53870951810851	-0.147590100039971	-0.386749089015152
0.59193578557232	-0.10285447673025	-0.386749089015152
0.644605127880364	-0.0574747389844327	-0.386749089015152
0.708852501339101	0	-0.327249229166667
0.665555849866426	0.0552813321664441	-0.327249229166667
0.608329482432411	0.0993119966031625	-0.327249229166667
0.551104390893525	0.143347219932978	-0.327249229166667
0.494992186245118	0.188789049622083	-0.327249229166667
0.44025628534554	0.235880037828004	-0.327249229166667
0.386969753067228	0.284604939989992	-0.327249229166667
0.335159635429533	0.334896999615465	-0.327249229166667
0.284859677290738	0.38669945694314	-0.327249229166667
0.2361265715679	0.439978416960875	-0.327249229166667
0.189027200651486	0.494706788527149	-0.327249229166667
0.143576596560271	0.550812968490274	-0.327249229166667
0.0995362818712579	0.608033293023185	-0.327249229166667
0.0555152444047474	0.665267639719244	-0.327249229166667
0.000371328670027891	0.708849875981563	-0.327249229166667
-0.0550470123124242	0.665844212642457	-0.327249229166667
-0.0990877565272708	0.608625632791855	-0.327249229166667
-0.143117184571412	0.551396730581714	-0.327249229166667
-0.188551294221572	0.495277199369333	-0.327249229166667
-0.235633559788681	0.440534178213588	-0.327249229166667
-0.284350192883643	0.387240142620224	-0.327249229166667
-0.334634402960126	0.335422311889351	-0.327249229166667
-0.386429232395341	0.285114425336451	-0.327249229166667
-0.439700739390361	0.236373013371387	-0.327249229166667
-0.494421965352388	0.189264946926363	-0.327249229166667
-0.550520701053237	0.143806701662198	-0.327249229166667
-0.607737423200193	0.0997603412135298	-0.327249229166667
-0.664978904697699	0.0557493027647752	-0.327249229166667
-0.708841995151227	0.000742847393417028	-0.327249229166667
-0.666132264905853	-0.0548126569339797	-0.327249229166667
-0.608921611330279	-0.0988636616785218	-0.327249229166667
-0.551688203414213	-0.142887894267731	-0.327249229166667
-0.495562572396061	-0.188313313341705	-0.327249229166667
-0.440812024084821	-0.235387200813119	-0.327249229166667
-0.387510461645258	-0.28409559042592	-0.327249229166667
-0.335685027211985	-0.33437184724582	-0.327249229166667
-0.285369296865387	-0.386158959854777	-0.327249229166667
-0.236619721315368	-0.43942284921255	-0.327249229166667
-0.18950326815313	-0.494136543086364	-0.327249229166667
-0.144036163347574	-0.550229331219761	-0.327249229166667
-0.0999848165440576	-0.607441025964986	-0.327249229166667
-0.0559829416357949	-0.664690347280187	-0.327249229166667
-0.00111369028262249	-0.708828889362241	-0.327249229166667
0.0545780644422912	-0.666420249526313	-0.327249229166667
0.0986392371985253	-0.609218044615245	-0.327249229166667
0.142657926851031	-0.551980617120596	-0.327249229166667
0.188075549108224	-0.495847775186989	-0.327249229166667
0.23514068596676	-0.441090133104232	-0.327249229166667
0.283840939939008	-0.387780914714282	-0.327249229166667
0.334109330657645	-0.335947783213411	-0.327249229166667
0.385888818805333	-0.285624122612494	-0.327249229166667
0.439145243614239	-0.23686625399951	-0.327249229166667
0.493851694926989	-0.189741184793287	-0.327249229166667
0.549937134292902	-0.144266339960897	-0.327249229166667
0.60714543419699	-0.100208698856014	-0.327249229166667
0.664401455547462	-0.0562165795642834	-0.327249229166667
0.742690244884939	0	-0.267749369318182
0.69260952894255	0.0540715731094123	-0.267749369318182
0.629614561591707	0.0964424873145733	-0.267749369318182
0.567024726818076	0.139404605293257	-0.267749369318182
0.50594247502402	0.184482118868016	-0.267749369318182
0.446762132049569	0.232027709721227	-0.267749369318182
0.389685337869073	0.282078199860376	-0.267749369318182
0.334842574195579	0.334567328251454	-0.267749369318182
0.28234123484246	0.389398292195582	-0.267749369318182
0.232277931345402	0.446464040996979	-0.267749369318182
0.184719677483052	0.505633729064358	-0.267749369318182
0.139630165741831	0.566706694986157	-0.267749369318182
0.0966582589618527	0.6292920207405	-0.267749369318182
0.0542949427289265	0.692290539471044	-0.267749369318182
0.000389080067384897	0.742686646551853	-0.267749369318182
-0.0538481543494221	0.692928265047678	-0.267749369318182
-0.0962256434991373	0.629938758909928	-0.267749369318182
-0.139179842798495	0.567341755091963	-0.267749369318182
-0.18424497491624	0.506250817416529	-0.267749369318182
-0.231777370605932	0.447060497290881	-0.267749369318182
-0.281815346836902	0.389972313730196	-0.267749369318182
-0.334292143012644	0.335117882579837	-0.267749369318182
-0.389111362972593	0.28260428114603	-0.267749369318182
-0.446165975655058	0.232528243958345	-0.267749369318182
-0.505325634176466	0.184956839256876	-0.267749369318182
-0.566389797607387	0.139855007892087	-0.267749369318182
-0.628967511258106	0.0968753840542706	-0.267749369318182
-0.69197191457266	0.0545178342886369	-0.267749369318182
-0.742675839607576	0.000778513565838181	-0.267749369318182
-0.693246827695174	-0.0536246271631855	-0.267749369318182
-0.63026177107791	-0.0960096277854724	-0.267749369318182
-0.567659818031778	-0.138954433074628	-0.267749369318182
-0.506559540043161	-0.18400764270706	-0.267749369318182
-0.447358567902273	-0.23152739117319	-0.267749369318182
-0.390259451546093	-0.281552463469717	-0.267749369318182
-0.335393251329888	-0.33401702055235	-0.267749369318182
-0.282867335036311	-0.388824554195339	-0.267749369318182
-0.232778707115084	-0.445867865208428	-0.267749369318182
-0.18519462450448	-0.505016865013107	-0.267749369318182
-0.140080717206575	-0.566071800304221	-0.267749369318182
-0.0970914649408566	-0.628644617382352	-0.267749369318182
-0.0547410800806467	-0.691652468974645	-0.267749369318182
-0.00116671117333903	-0.742657896002245	-0.267749369318182
0.0534007112355521	-0.693565610899435	-0.267749369318182
0.0957930944301908	-0.630585609621933	-0.267749369318182
0.138729747508113	-0.567976980398963	-0.267749369318182
0.1837705171016	-0.506868129308744	-0.267749369318182
0.231277229008568	-0.447656990598631	-0.267749369318182
0.281289670282276	-0.390546619722064	-0.267749369318182
0.333741959090471	-0.335668682227037	-0.267749369318182
0.388537672495631	-0.2831305739106	-0.267749369318182
0.445570098665674	-0.233028993887113	-0.267749369318182
0.504708833522077	-0.185431945935141	-0.267749369318182
0.565755030671042	-0.140305641704388	-0.267749369318182
0.628320619224436	-0.0973083221417175	-0.267749369318182
0.691333537418691	-0.0549637505573421	-0.267749369318182
0.771679043529466	0	-0.208249509469697
0.717861567854069	0.0548206032729685	-0.208249509469697
0.650143419866251	0.0960783971540952	-0.208249509469697
0.582596123138589	0.13761849803301	-0.208249509469697
0.516662939182809	0.181665729959015	-0.208249509469697
0.453050392519702	0.228997931215682	-0.208249509469697
0.392219855095073	0.279853871532803	-0.208249509469697
0.3344977849941	0.33421177804809	-0.208249509469697
0.280122366308869	0.391917277785525	-0.208249509469697
0.229248143884687	0.452732967202629	-0.208249509469697
0.181898213957614	0.516332460683203	-0.208249509469697
0.137835692344805	0.582255134150497	-0.208249509469697
0.0962871740973699	0.649795476714499	-0.208249509469697
0.055039431663566	0.717521522052843	-0.208249509469697
0.00040427290333582	0.771675130208366	-0.208249509469697
-0.0546013783205919	0.718201818457977	-0.208249509469697
-0.0958709504662746	0.650489185096935	-0.208249509469697
-0.137401218074734	0.582937395927495	-0.208249509469697
-0.181432938802982	0.516994038253099	-0.208249509469697
-0.228747573670246	0.453368191253996	-0.208249509469697
-0.279585494304391	0.392522483977244	-0.208249509469697
-0.333925857341513	0.334783880188847	-0.208249509469697
-0.391614894357636	0.280390852303884	-0.208249509469697
-0.452415148975509	0.229498815904315	-0.208249509469697
-0.51600134134334	0.18213127836105	-0.208249509469697
-0.581913817449362	0.138053190793773	-0.208249509469697
-0.649449470661744	0.0964948127514597	-0.208249509469697
-0.717181238337651	0.0552581521950134	-0.208249509469697
-0.771663375692941	0.000808950173184907	-0.208249509469697
-0.718541502144821	-0.0543822505580126	-0.208249509469697
-0.65083658488805	-0.0956625460475598	-0.208249509469697
-0.583278613773262	-0.137184067975925	-0.208249509469697
-0.517324803158687	-0.181200511741742	-0.208249509469697
-0.45368600455017	-0.228497354072898	-0.208249509469697
-0.392825134023499	-0.279317261500138	-0.208249509469697
-0.335070061238247	-0.333640025266606	-0.208249509469697
-0.280659541975791	-0.39131246556246	-0.208249509469697
-0.229749303068302	-0.452097754767593	-0.208249509469697
-0.182363818503714	-0.515671150594375	-0.208249509469697
-0.138270433355689	-0.581573052129417	-0.208249509469697
-0.0967033708617352	-0.649101973588783	-0.208249509469697
-0.0554767259063526	-0.716840782477639	-0.208249509469697
-0.00121221657935348	-0.771643865223486	-0.208249509469697
0.0541627250847066	-0.718881380639325	-0.208249509469697
0.0954546947380083	-0.651183099899364	-0.208249509469697
0.136967008727942	-0.58361983753077	-0.208249509469697
0.180967993139297	-0.517655882042077	-0.208249509469697
0.228247311683104	-0.454003782333215	-0.208249509469697
0.279049017607962	-0.393127980730205	-0.208249509469697
0.333354280064352	-0.335356329902461	-0.208249509469697
0.391010156446221	-0.280928288780103	-0.208249509469697
0.451780274123013	-0.230000008139655	-0.208249509469697
0.515340010927769	-0.182597156828279	-0.208249509469697
0.581231696601595	-0.138488148083342	-0.208249509469697
0.648755432657887	-0.0969113803343768	-0.208249509469697
0.716500558099975	-0.05569489745688	-0.208249509469697
0.788335101133351	0	-0.148749649621212
0.734550943064343	0.0574152861194616	-0.148749649621212
0.664333436298743	0.0985448646979093	-0.148749649621212
0.593573949665508	0.138752029057474	-0.148749649621212
0.524219392382758	0.181322430200172	-0.148749649621212
0.457371800455212	0.227722005489562	-0.148749649621212
0.393830364692297	0.278548507560173	-0.148749649621212
0.334177182136021	0.333885053140942	-0.148749649621212
0.278818148369083	0.393517265735783	-0.148749649621212
0.227968432764399	0.457040540525765	-0.148749649621212
0.181547821784561	0.523872448368192	-0.148749649621212
0.138960014707069	0.593217939901322	-0.148749649621212
0.0987471567032602	0.663973242686083	-0.148749649621212
0.0576380354816443	0.734203060960795	-0.148749649621212
0.000412980847266349	0.788331636204878	-0.148749649621212
-0.0571922364173318	0.734898717939183	-0.148749649621212
-0.0983423025325342	0.664694081504476	-0.148749649621212
-0.138543386649382	0.59393123081912	-0.148749649621212
-0.181097778878221	0.524565416439784	-0.148749649621212
-0.227475382333756	0.457703564282745	-0.148749649621212
-0.278279031204938	0.394143508912615	-0.148749649621212
-0.33359303408189	0.334469423300603	-0.148749649621212
-0.393204392451912	0.279087798236571	-0.148749649621212
-0.456708984016281	0.228215259713479	-0.148749649621212
-0.523526672736742	0.181772597069622	-0.148749649621212
-0.592860516483503	0.139168912673617	-0.148749649621212
-0.663613410870975	0.0989492297943244	-0.148749649621212
-0.733854846514552	0.0578606326105204	-0.148749649621212
-0.788321231831032	0.000826266817693806	-0.148749649621212
-0.735246370567869	-0.0569688916438371	-0.148749649621212
-0.665053637933032	-0.0981403346622509	-0.148749649621212
-0.594287559542974	-0.138335385862075	-0.148749649621212
-0.524912350435042	-0.180872679497902	-0.148749649621212
-0.458035049577168	-0.227229144874915	-0.148749649621212
-0.394456703975427	-0.278009714359175	-0.148749649621212
-0.334761773976635	-0.333301127614311	-0.148749649621212
-0.279357658073838	-0.392891511752646	-0.148749649621212
-0.228462062014144	-0.456377701255812	-0.148749649621212
-0.181998254654661	-0.523179760567472	-0.148749649621212
-0.139376888236683	-0.592504819071122	-0.148749649621212
-0.0991518489649689	-0.663252579902657	-0.148749649621212
-0.0580828369196018	-0.733506682573095	-0.148749649621212
-0.00123847962026224	-0.788303943983483	-0.148749649621212
0.0567454427244695	-0.73559359767145	-0.148749649621212
0.0979372821350848	-0.665415093086001	-0.148749649621212
0.138127000982239	-0.594644692244297	-0.148749649621212
0.180648125561221	-0.525258662978553	-0.148749649621212
0.22698289614323	-0.458366790391497	-0.148749649621212
0.277740404156083	-0.394770127693881	-0.148749649621212
0.333009331975444	-0.335054235927852	-0.148749649621212
0.392578736577438	-0.279627630611935	-0.148749649621212
0.45604660087606	-0.228708907604551	-0.148749649621212
0.522833966409214	-0.182223328302467	-0.148749649621212
0.592147259564187	-0.139586039785423	-0.148749649621212
0.662893562465544	-0.0993534355938559	-0.148749649621212
0.733158211452069	-0.0583048808179958	-0.148749649621212
0.796319257925388	0	-0.0892497897727273
0.743838070571622	0.0599024722038737	-0.0892497897727273
0.672618512564724	0.101447720150656	-0.0892497897727273
0.600132571875085	0.140782725873148	-0.0892497897727273
0.528752800746152	0.182080824069931	-0.0892497897727273
0.459909078231998	0.227462377798387	-0.0892497897727273
0.39469476856587	0.277910860195063	-0.0892497897727273
0.333930822476756	0.333635774948063	-0.0892497897727273
0.278179625818528	0.394375500914608	-0.0892497897727273
0.227704392596535	0.459569233172143	-0.0892497897727273
0.182298806108207	0.528397233429913	-0.0892497897727273
0.140984924002273	0.599766223251624	-0.0892497897727273
0.101646959573595	0.672252763576821	-0.0892497897727273
0.0601318903103816	0.743489399176096	-0.0892497897727273
0.000417149366142476	0.796316245535369	-0.0892497897727273
-0.059673015451674	0.744186088383166	-0.0892497897727273
-0.101247484490401	0.672985983974215	-0.0892497897727273
-0.140581732746316	0.600496863924973	-0.0892497897727273
-0.181862796993277	0.529108681509654	-0.0892497897727273
-0.227220523075124	0.460248976319645	-0.0892497897727273
-0.277642273329145	0.395014099941281	-0.0892497897727273
-0.333340855201879	0.334226000098866	-0.0892497897727273
-0.394056483285372	0.27844841334132	-0.0892497897727273
-0.459229309315769	0.227946661685486	-0.0892497897727273
-0.528041351349036	0.182517128604802	-0.0892497897727273
-0.599401706554228	0.141186181515099	-0.0892497897727273
-0.671885811768762	0.101846797310284	-0.0892497897727273
-0.743140518371408	0.0603609813074939	-0.0892497897727273
-0.796307202297842	0.000834522232544684	-0.0892497897727273
-0.744534659710244	-0.0594427187685025	-0.0892497897727273
-0.673351322147873	-0.101048352721824	-0.0892497897727273
-0.600863165710431	-0.140379700584982	-0.0892497897727273
-0.529464525279403	-0.181644939375941	-0.0892497897727273
-0.460589318042065	-0.226978550606282	-0.0892497897727273
-0.395333480085937	-0.277373877608453	-0.0892497897727273
-0.334521305085331	-0.333046065964173	-0.0892497897727273
-0.278717439621053	-0.393737458352317	-0.0892497897727273
-0.228188729686304	-0.4588899454513	-0.0892497897727273
-0.182735234037766	-0.527686063620878	-0.0892497897727273
-0.141388309976098	-0.599035741373133	-0.0892497897727273
-0.102046273833076	-0.671519420477889	-0.0892497897727273
-0.0605895725870164	-0.742791698871322	-0.0892497897727273
-0.00125110125265632	-0.796292163771254	-0.0892497897727273
0.0592125968377806	-0.744882241494148	-0.0892497897727273
0.100848355350234	-0.673718139012736	-0.0892497897727273
0.140178732141151	-0.601227663976935	-0.0892497897727273
0.18142720572984	-0.529820405752324	-0.0892497897727273
0.226737110701372	-0.46092918823879	-0.0892497897727273
0.277105501234829	-0.39565311345144	-0.0892497897727273
0.332751405573272	-0.334816739098459	-0.0892497897727273
0.393418555556646	-0.278986595691038	-0.0892497897727273
0.458550012321745	-0.228431402422238	-0.0892497897727273
0.527330179247731	-0.182953853910214	-0.0892497897727273
0.598671006309133	-0.14158983050248	-0.0892497897727273
0.671153223691873	-0.10224558949431	-0.0892497897727273
0.742442054895883	-0.0608182485015578	-0.0892497897727273
0.79952147846815	0	-0.0297499299242424
0.747972634819846	0.0612739173079933	-0.0297499299242424
0.676437445160331	0.103185093380048	-0.0297499299242424
0.603206273718	0.142122861256579	-0.0297499299242424
0.53089229919952	0.182723081834262	-0.0297499299242424
0.461093925078862	0.227490764834899	-0.0297499299242424
0.395074462610211	0.277651468993668	-0.0297499299242424
0.333797253078025	0.333501036464027	-0.0297499299242424
0.277919216071567	0.394752475544791	-0.0297499299242424
0.227730041843438	0.460749965211049	-0.0297499299242424
0.182937252795209	0.530532182024232	-0.0297499299242424
0.142320606062161	0.602837949841916	-0.0297499299242424
0.103383914339456	0.676068548446172	-0.0297499299242424
0.0615072134281679	0.747625579079009	-0.0297499299242424
0.000418820725827552	0.799518693764921	-0.0297499299242424
-0.0610394160048936	0.748320699005222	-0.0297499299242424
-0.102986167843883	0.67680638360741	-0.0297499299242424
-0.141924183250077	0.603576446675986	-0.0297499299242424
-0.182509133373414	0.531252290265069	-0.0297499299242424
-0.227251638177206	0.46143796660183	-0.0297499299242424
-0.277383750175798	0.395396713258706	-0.0297499299242424
-0.33320495717728	0.334093609378147	-0.0297499299242424
-0.394430396094447	0.278187287573864	-0.0297499299242424
-0.460406438069219	0.227969224875101	-0.0297499299242424
-0.530172196026783	0.183151493654916	-0.0297499299242424
-0.602468191155434	0.142519181163749	-0.0297499299242424
-0.675700305167372	0.10358230227486	-0.0297499299242424
-0.747277375713049	0.0617407594568951	-0.0297499299242424
-0.799510334955836	0.00083782912479108	-0.0297499299242424
-0.748667607344774	-0.0608051618650546	-0.0297499299242424
-0.677174649412218	-0.102787522110544	-0.0297499299242424
-0.603944503627984	-0.14172669956058	-0.0297499299242424
-0.531612671435407	-0.182295100362097	-0.0297499299242424
-0.46178189758588	-0.227012795068022	-0.0297499299242424
-0.395719120383327	-0.277116148725973	-0.0297499299242424
-0.334390102584678	-0.332909017994115	-0.0297499299242424
-0.27845542806467	-0.394108531417697	-0.0297499299242424
-0.228208935434492	-0.460062451569207	-0.0297499299242424
-0.183365801547486	-0.529812346445894	-0.0297499299242424
-0.14271718614907	-0.602099606444108	-0.0297499299242424
-0.103781305397579	-0.675330771131616	-0.0297499299242424
-0.0619736665813557	-0.746929355556798	-0.0297499299242424
-0.0012561668028712	-0.799496429672183	-0.0297499299242424
0.0605702703560276	-0.749014663942026	-0.0297499299242424
0.102588061118023	-0.677544270370592	-0.0297499299242424
0.141528184912976	-0.604314590827776	-0.0297499299242424
0.182081441954242	-0.531972668906243	-0.0297499299242424
0.226773736387045	-0.462126436883057	-0.0297499299242424
0.276848824695662	-0.396041490888734	-0.0297499299242424
0.332613217289817	-0.334686734322771	-0.0297499299242424
0.393786919558879	-0.278723605667792	-0.0297499299242424
0.459719059064363	-0.228448439719841	-0.0297499299242424
0.529452364237364	-0.183580337116106	-0.0297499299242424
0.601730255372776	-0.142915663818969	-0.0297499299242424
0.674962839119028	-0.103979366969406	-0.0297499299242424
0.746581045135157	-0.0622062573117695	-0.0297499299242424
0.79952147846815	0	0.0297499299242424
0.747972634819846	0.0612739173079933	0.0297499299242424
0.676437445160331	0.103185093380048	0.0297499299242424
0.603206273718	0.142122861256579	0.0297499299242424
0.53089229919952	0.182723081834262	0.0297499299242424
0.461093925078862	0.227490764834899	0.0297499299242424
0.395074462610211	0.277651468993668	0.0297499299242424
0.333797253078025	0.333501036464027	0.0297499299242424
0.277919216071567	0.394752475544791	0.0297499299242424
0.227730041843438	0.460749965211049	0.0297499299242424
0.182937252795209	0.530532182024232	0.0297499299242424
0.142320606062161	0.602837949841916	0.0297499299242424
0.103383914339456	0.676068548446171	0.0297499299242424
0.0615072134281677	0.747625579079009	0.0297499299242424
0.000418820725827552	0.799518693764921	0.0297499299242424
-0.0610394160048936	0.748320699005222	0.0297499299242424
-0.102986167843883	0.67680638360741	0.0297499299242424
-0.141924183250077	0.603576446675986	0.0297499299242424
-0.182509133373414	0.531252290265069	0.0297499299242424
-0.227251638177206	0.46143796660183	0.0297499299242424
-0.277383750175798	0.395396713258706	0.0297499299242424
-0.33320495717728	0.334093609378147	0.0297499299242424
-0.394430396094447	0.278187287573864	0.0297499299242424
-0.46040643806922	0.2279692248751	0.0297499299242424
-0.530172196026784	0.183151493654916	0.0297499299242424
-0.602468191155435	0.142519181163748	0.0297499299242424
-0.675700305167374	0.103582302274859	0.0297499299242424
-0.74727737571305	0.0617407594568939	0.0297499299242424
-0.799510334955836	0.000837829124789305	0.0297499299242424
-0.748667607344773	-0.0608051618650555	0.0297499299242424
-0.677174649412217	-0.102787522110545	0.0297499299242424
-0.603944503627982	-0.141726699560581	0.0297499299242424
-0.531612671435405	-0.182295100362098	0.0297499299242424
-0.461781897585879	-0.227012795068023	0.0297499299242424
-0.395719120383326	-0.277116148725974	0.0297499299242424
-0.334390102584678	-0.332909017994116	0.0297499299242424
-0.278455428064669	-0.394108531417698	0.0297499299242424
-0.228208935434491	-0.460062451569209	0.0297499299242424
-0.183365801547485	-0.529812346445895	0.0297499299242424
-0.142717186149069	-0.602099606444109	0.0297499299242424
-0.103781305397578	-0.675330771131618	0.0297499299242424
-0.0619736665813545	-0.7469293555568	0.0297499299242424
-0.00125616680286907	-0.799496429672183	0.0297499299242424
0.0605702703560282	-0.749014663942025	0.0297499299242424
0.102588061118023	-0.677544270370591	0.0297499299242424
0.141528184912976	-0.604314590827775	0.0297499299242424
0.182081441954242	-0.531972668906242	0.0297499299242424
0.226773736387046	-0.462126436883056	0.0297499299242424
0.276848824695662	-0.396041490888734	0.0297499299242424
0.332613217289818	-0.334686734322771	0.0297499299242424
0.39378691955888	-0.278723605667791	0.0297499299242424
0.459719059064363	-0.228448439719841	0.0297499299242424
0.529452364237365	-0.183580337116106	0.0297499299242424
0.601730255372777	-0.142915663818968	0.0297499299242424
0.674962839119029	-0.103979366969405	0.0297499299242424
0.746581045135158	-0.0622062573117689	0.0297499299242424
0.796319257925388	0	0.0892497897727273
0.743838070571622	0.0599024722038737	0.0892497897727273
0.672618512564724	0.101447720150656	0.0892497897727273
0.600132571875085	0.140782725873148	0.0892497897727273
0.528752800746152	0.182080824069931	0.0892497897727273
0.459909078231998	0.227462377798387	0.0892497897727273
0.39469476856587	0.277910860195063	0.0892497897727273
0.333930822476756	0.333635774948063	0.0892497897727273
0.278179625818528	0.394375500914608	0.0892497897727273
0.227704392596535	0.459569233172143	0.0892497897727273
0.182298806108207	0.528397233429912	0.0892497897727273
0.140984924002273	0.599766223251624	0.0892497897727273
0.101646959573595	0.672252763576821	0.0892497897727273
0.0601318903103818	0.743489399176095	0.0892497897727273
0.000417149366143006	0.796316245535369	0.0892497897727273
-0.0596730154516737	0.744186088383167	0.0892497897727273
-0.1012474844904	0.672985983974215	0.0892497897727273
-0.140581732746316	0.600496863924973	0.0892497897727273
-0.181862796993277	0.529108681509654	0.0892497897727273
-0.227220523075124	0.460248976319645	0.0892497897727273
-0.277642273329145	0.395014099941281	0.0892497897727273
-0.333340855201879	0.334226000098866	0.0892497897727273
-0.394056483285372	0.278448413341321	0.0892497897727273
-0.459229309315769	0.227946661685486	0.0892497897727273
-0.528041351349036	0.182517128604802	0.0892497897727273
-0.599401706554229	0.141186181515099	0.0892497897727273
-0.671885811768761	0.101846797310285	0.0892497897727273
-0.743140518371407	0.0603609813074942	0.0892497897727273
-0.796307202297842	0.000834522232546098	0.0892497897727273
-0.744534659710246	-0.0594427187685016	0.0892497897727273
-0.673351322147874	-0.101048352721823	0.0892497897727273
-0.600863165710432	-0.140379700584982	0.0892497897727273
-0.529464525279404	-0.18164493937594	0.0892497897727273
-0.460589318042067	-0.226978550606281	0.0892497897727273
-0.395333480085938	-0.277373877608452	0.0892497897727273
-0.334521305085332	-0.333046065964172	0.0892497897727273
-0.278717439621054	-0.393737458352316	0.0892497897727273
-0.228188729686304	-0.458889945451299	0.0892497897727273
-0.182735234037766	-0.527686063620878	0.0892497897727273
-0.141388309976098	-0.599035741373132	0.0892497897727273
-0.102046273833077	-0.671519420477887	0.0892497897727273
-0.0605895725870175	-0.74279169887132	0.0892497897727273
-0.00125110125265773	-0.796292163771254	0.0892497897727273
0.05921259683778	-0.744882241494149	0.0892497897727273
0.100848355350234	-0.673718139012736	0.0892497897727273
0.140178732141151	-0.601227663976936	0.0892497897727273
0.18142720572984	-0.529820405752324	0.0892497897727273
0.226737110701371	-0.460929188238791	0.0892497897727273
0.277105501234829	-0.395653113451441	0.0892497897727273
0.332751405573272	-0.334816739098459	0.0892497897727273
0.393418555556646	-0.278986595691038	0.0892497897727273
0.458550012321745	-0.228431402422238	0.0892497897727273
0.527330179247731	-0.182953853910214	0.0892497897727273
0.598671006309134	-0.141589830502479	0.0892497897727273
0.671153223691874	-0.102245589494309	0.0892497897727273
0.742442054895883	-0.0608182485015578	0.0892497897727273
0.788335101133351	0	0.148749649621212
0.734550943064343	0.0574152861194617	0.148749649621212
0.664333436298743	0.0985448646979094	0.148749649621212
0.593573949665508	0.138752029057474	0.148749649621212
0.524219392382758	0.181322430200172	0.148749649621212
0.457371800455212	0.227722005489562	0.148749649621212
0.393830364692297	0.278548507560173	0.148749649621212
0.334177182136021	0.333885053140942	0.148749649621212
0.278818148369083	0.393517265735783	0.148749649621212
0.227968432764399	0.457040540525765	0.148749649621212
0.181547821784561	0.523872448368193	0.148749649621212
0.138960014707069	0.593217939901323	0.148749649621212
0.09874715670326	0.663973242686083	0.148749649621212
0.0576380354816439	0.734203060960796	0.148749649621212
0.000412980847265299	0.788331636204878	0.148749649621212
-0.0571922364173325	0.734898717939182	0.148749649621212
-0.098342302532535	0.664694081504475	0.148749649621212
-0.138543386649383	0.593931230819119	0.148749649621212
-0.181097778878222	0.524565416439782	0.148749649621212
-0.227475382333757	0.457703564282744	0.148749649621212
-0.278279031204939	0.394143508912614	0.148749649621212
-0.333593034081891	0.334469423300602	0.148749649621212
-0.393204392451913	0.27908779823657	0.148749649621212
-0.456708984016283	0.228215259713477	0.148749649621212
-0.523526672736744	0.181772597069621	0.148749649621212
-0.592860516483504	0.139168912673616	0.148749649621212
-0.663613410870976	0.0989492297943242	0.148749649621212
-0.733854846514553	0.0578606326105198	0.148749649621212
-0.788321231831033	0.000826266817693456	0.148749649621212
-0.73524637056787	-0.0569688916438368	0.148749649621212
-0.665053637933032	-0.0981403346622506	0.148749649621212
-0.594287559542974	-0.138335385862075	0.148749649621212
-0.524912350435042	-0.180872679497902	0.148749649621212
-0.458035049577167	-0.227229144874916	0.148749649621212
-0.394456703975426	-0.278009714359176	0.148749649621212
-0.334761773976633	-0.333301127614313	0.148749649621212
-0.279357658073837	-0.392891511752647	0.148749649621212
-0.228462062014142	-0.456377701255813	0.148749649621212
-0.18199825465466	-0.523179760567473	0.148749649621212
-0.139376888236683	-0.592504819071123	0.148749649621212
-0.0991518489649684	-0.663252579902658	0.148749649621212
-0.0580828369196012	-0.733506682573096	0.148749649621212
-0.00123847962026154	-0.788303943983483	0.148749649621212
0.0567454427244695	-0.73559359767145	0.148749649621212
0.0979372821350847	-0.665415093086001	0.148749649621212
0.138127000982239	-0.594644692244297	0.148749649621212
0.180648125561222	-0.525258662978553	0.148749649621212
0.22698289614323	-0.458366790391496	0.148749649621212
0.277740404156083	-0.394770127693881	0.148749649621212
0.333009331975444	-0.335054235927853	0.148749649621212
0.392578736577438	-0.279627630611936	0.148749649621212
0.45604660087606	-0.228708907604551	0.148749649621212
0.522833966409214	-0.182223328302467	0.148749649621212
0.592147259564186	-0.139586039785424	0.148749649621212
0.662893562465544	-0.0993534355938559	0.148749649621212
0.733158211452069	-0.0583048808179964	0.148749649621212
0.771679043529466	0	0.208249509469697
0.717861567854069	0.0548206032729684	0.208249509469697
0.650143419866251	0.0960783971540951	0.208249509469697
0.582596123138589	0.13761849803301	0.208249509469697
0.51666293918281	0.181665729959014	0.208249509469697
0.453050392519702	0.228997931215682	0.208249509469697
0.392219855095073	0.279853871532802	0.208249509469697
0.3344977849941	0.33421177804809	0.208249509469697
0.28012236630887	0.391917277785525	0.208249509469697
0.229248143884688	0.452732967202629	0.208249509469697
0.181898213957614	0.516332460683202	0.208249509469697
0.137835692344805	0.582255134150496	0.208249509469697
0.0962871740973703	0.649795476714499	0.208249509469697
0.0550394316635664	0.717521522052842	0.208249509469697
0.00040427290333702	0.771675130208366	0.208249509469697
-0.0546013783205914	0.718201818457978	0.208249509469697
-0.0958709504662739	0.650489185096936	0.208249509469697
-0.137401218074733	0.582937395927496	0.208249509469697
-0.181432938802981	0.5169940382531	0.208249509469697
-0.228747573670245	0.453368191253997	0.208249509469697
-0.27958549430439	0.392522483977245	0.208249509469697
-0.333925857341512	0.334783880188848	0.208249509469697
-0.391614894357635	0.280390852303885	0.208249509469697
-0.452415148975508	0.229498815904316	0.208249509469697
-0.516001341343339	0.182131278361051	0.208249509469697
-0.581913817449361	0.138053190793774	0.208249509469697
-0.649449470661743	0.0964948127514604	0.208249509469697
-0.71718123833765	0.0552581521950139	0.208249509469697
-0.771663375692941	0.000808950173185249	0.208249509469697
-0.718541502144822	-0.054382250558012	0.208249509469697
-0.650836584888051	-0.0956625460475592	0.208249509469697
-0.583278613773263	-0.137184067975924	0.208249509469697
-0.517324803158689	-0.181200511741741	0.208249509469697
-0.453686004550172	-0.228497354072897	0.208249509469697
-0.3928251340235	-0.279317261500137	0.208249509469697
-0.335070061238248	-0.333640025266605	0.208249509469697
-0.280659541975792	-0.391312465562459	0.208249509469697
-0.229749303068304	-0.452097754767591	0.208249509469697
-0.182363818503715	-0.515671150594374	0.208249509469697
-0.13827043335569	-0.581573052129415	0.208249509469697
-0.0967033708617362	-0.649101973588782	0.208249509469697
-0.0554767259063532	-0.716840782477638	0.208249509469697
-0.00121221657935485	-0.771643865223486	0.208249509469697
0.0541627250847066	-0.718881380639325	0.208249509469697
0.0954546947380083	-0.651183099899364	0.208249509469697
0.136967008727942	-0.58361983753077	0.208249509469697
0.180967993139296	-0.517655882042078	0.208249509469697
0.228247311683103	-0.454003782333216	0.208249509469697
0.279049017607961	-0.393127980730206	0.208249509469697
0.333354280064351	-0.335356329902462	0.208249509469697
0.39101015644622	-0.280928288780104	0.208249509469697
0.451780274123012	-0.230000008139657	0.208249509469697
0.515340010927769	-0.18259715682828	0.208249509469697
0.581231696601595	-0.138488148083342	0.208249509469697
0.648755432657885	-0.0969113803343782	0.208249509469697
0.716500558099974	-0.0556948974568805	0.208249509469697
0.742690244884939	0	0.267749369318182
0.69260952894255	0.0540715731094123	0.267749369318182
0.629614561591707	0.0964424873145733	0.267749369318182
0.567024726818076	0.139404605293257	0.267749369318182
0.50594247502402	0.184482118868016	0.267749369318182
0.446762132049569	0.232027709721227	0.267749369318182
0.389685337869073	0.282078199860376	0.267749369318182
0.334842574195579	0.334567328251454	0.267749369318182
0.28234123484246	0.389398292195582	0.267749369318182
0.232277931345402	0.446464040996979	0.267749369318182
0.184719677483052	0.505633729064358	0.267749369318182
0.139630165741831	0.566706694986157	0.267749369318182
0.0966582589618527	0.6292920207405	0.267749369318182
0.0542949427289265	0.692290539471044	0.267749369318182
0.000389080067384897	0.742686646551853	0.267749369318182
-0.0538481543494221	0.692928265047678	0.267749369318182
-0.0962256434991373	0.629938758909928	0.267749369318182
-0.139179842798495	0.567341755091963	0.267749369318182
-0.18424497491624	0.506250817416529	0.267749369318182
-0.231777370605932	0.447060497290881	0.267749369318182
-0.281815346836902	0.389972313730196	0.267749369318182
-0.334292143012644	0.335117882579837	0.267749369318182
-0.389111362972593	0.28260428114603	0.267749369318182
-0.446165975655058	0.232528243958345	0.267749369318182
-0.505325634176466	0.184956839256876	0.267749369318182
-0.566389797607387	0.139855007892087	0.267749369318182
-0.628967511258106	0.0968753840542706	0.267749369318182
-0.69197191457266	0.0545178342886369	0.267749369318182
-0.742675839607576	0.000778513565838181	0.267749369318182
-0.693246827695174	-0.0536246271631855	0.267749369318182
-0.63026177107791	-0.0960096277854724	0.267749369318182
-0.567659818031778	-0.138954433074628	0.267749369318182
-0.506559540043161	-0.18400764270706	0.267749369318182
-0.447358567902273	-0.23152739117319	0.267749369318182
-0.390259451546093	-0.281552463469717	0.267749369318182
-0.335393251329888	-0.33401702055235	0.267749369318182
-0.282867335036311	-0.388824554195339	0.267749369318182
-0.232778707115084	-0.445867865208428	0.267749369318182
-0.18519462450448	-0.505016865013107	0.267749369318182
-0.140080717206575	-0.566071800304221	0.267749369318182
-0.0970914649408566	-0.628644617382352	0.267749369318182
-0.0547410800806467	-0.691652468974645	0.267749369318182
-0.00116671117333903	-0.742657896002245	0.267749369318182
0.0534007112355521	-0.693565610899435	0.267749369318182
0.0957930944301908	-0.630585609621933	0.267749369318182
0.138729747508113	-0.567976980398963	0.267749369318182
0.1837705171016	-0.506868129308744	0.267749369318182
0.231277229008568	-0.447656990598631	0.267749369318182
0.281289670282276	-0.390546619722064	0.267749369318182
0.333741959090471	-0.335668682227037	0.267749369318182
0.388537672495631	-0.2831305739106	0.267749369318182
0.445570098665674	-0.233028993887113	0.267749369318182
0.504708833522077	-0.185431945935141	0.267749369318182
0.565755030671042	-0.140305641704388	0.267749369318182
0.628320619224436	-0.0973083221417175	0.267749369318182
0.691333537418691	-0.0549637505573421	0.267749369318182
0.708852501339101	0	0.327249229166667
0.665555849866426	0.055281332166444	0.327249229166667
0.608329482432411	0.0993119966031625	0.327249229166667
0.551104390893525	0.143347219932978	0.327249229166667
0.494992186245118	0.188789049622083	0.327249229166667
0.44025628534554	0.235880037828004	0.327249229166667
0.386969753067228	0.284604939989992	0.327249229166667
0.335159635429533	0.334896999615465	0.327249229166667
0.284859677290739	0.38669945694314	0.327249229166667
0.2361265715679	0.439978416960875	0.327249229166667
0.189027200651486	0.494706788527148	0.327249229166667
0.143576596560271	0.550812968490274	0.327249229166667
0.099536281871258	0.608033293023185	0.327249229166667
0.0555152444047477	0.665267639719243	0.327249229166667
0.000371328670028363	0.708849875981563	0.327249229166667
-0.055047012312424	0.665844212642457	0.327249229166667
-0.0990877565272712	0.608625632791855	0.327249229166667
-0.143117184571413	0.551396730581714	0.327249229166667
-0.188551294221572	0.495277199369333	0.327249229166667
-0.235633559788681	0.440534178213588	0.327249229166667
-0.284350192883643	0.387240142620224	0.327249229166667
-0.334634402960126	0.335422311889351	0.327249229166667
-0.386429232395341	0.285114425336451	0.327249229166667
-0.439700739390361	0.236373013371387	0.327249229166667
-0.494421965352388	0.189264946926363	0.327249229166667
-0.550520701053237	0.143806701662198	0.327249229166667
-0.607737423200193	0.0997603412135301	0.327249229166667
-0.664978904697699	0.0557493027647752	0.327249229166667
-0.708841995151227	0.000742847393417028	0.327249229166667
-0.666132264905852	-0.0548126569339802	0.327249229166667
-0.608921611330278	-0.0988636616785222	0.327249229166667
-0.551688203414213	-0.142887894267731	0.327249229166667
-0.49556257239606	-0.188313313341705	0.327249229166667
-0.440812024084821	-0.235387200813119	0.327249229166667
-0.387510461645258	-0.28409559042592	0.327249229166667
-0.335685027211985	-0.33437184724582	0.327249229166667
-0.285369296865387	-0.386158959854777	0.327249229166667
-0.236619721315368	-0.43942284921255	0.327249229166667
-0.18950326815313	-0.494136543086364	0.327249229166667
-0.144036163347574	-0.550229331219761	0.327249229166667
-0.0999848165440576	-0.607441025964986	0.327249229166667
-0.0559829416357949	-0.664690347280187	0.327249229166667
-0.00111369028262124	-0.708828889362241	0.327249229166667
0.0545780644422918	-0.666420249526312	0.327249229166667
0.0986392371985262	-0.609218044615244	0.327249229166667
0.142657926851031	-0.551980617120595	0.327249229166667
0.188075549108225	-0.495847775186988	0.327249229166667
0.235140685966762	-0.441090133104231	0.327249229166667
0.283840939939009	-0.387780914714281	0.327249229166667
0.334109330657646	-0.33594778321341	0.327249229166667
0.385888818805335	-0.285624122612493	0.327249229166667
0.43914524361424	-0.23686625399951	0.327249229166667
0.49385169492699	-0.189741184793286	0.327249229166667
0.549937134292903	-0.144266339960896	0.327249229166667
0.60714543419699	-0.100208698856014	0.327249229166667
0.664401455547462	-0.0562165795642834	0.327249229166667
0.683064460028681	0	0.386749089015152
0.645654098977214	0.056500679537554	0.386749089015152
0.59303376548866	0.101936472597328	0.386749089015152
0.539799813932918	0.146662624837715	0.386749089015152
0.487257996688514	0.192198265302155	0.386749089015152
0.435664378718285	0.238805356786129	0.386749089015152
0.385050329765363	0.286474583173492	0.386749089015152
0.335402236837317	0.33514919449963	0.386749089015152
0.286722542140506	0.384792371064178	0.386749089015152
0.23904795558421	0.435401457441877	0.386749089015152
0.192435254880976	0.486990065084652	0.386749089015152
0.146894284217598	0.539527414827233	0.386749089015152
0.102166052436788	0.592759199694817	0.386749089015152
0.0567444684270656	0.645392150648472	0.386749089015152
0.000357806066601861	0.683062532978092	0.386749089015152
-0.0562566743095429	0.645915878816146	0.386749089015152
-0.101706880454023	0.593308329251891	0.386749089015152
-0.146430634118657	0.540072650050904	0.386749089015152
-0.191961152272528	0.487526125994014	0.386749089015152
-0.23856269218828	0.435927427896536	0.386749089015152
-0.286226616183317	0.385308349999476	0.386749089015152
-0.334896177074998	0.335655305404375	0.386749089015152
-0.384534357700283	0.286970604779555	0.386749089015152
-0.435138381704858	0.239290749133393	0.386749089015152
-0.486721907330375	0.192672495949595	0.386749089015152
-0.539254625834402	0.147126315599431	0.386749089015152
-0.592484778955717	0.102395497557923	0.386749089015152
-0.64512997374786	0.0569881015535305	0.386749089015152
-0.683056749972669	0.000715713074652865	0.386749089015152
-0.646177478544225	-0.0560124587334825	0.386749089015152
-0.593582743583928	-0.101477398709929	0.386749089015152
-0.54034508191388	-0.146199027268612	0.386749089015152
-0.48779420220015	-0.19172413759385	0.386749089015152
-0.436190508258431	-0.238320051055478	0.386749089015152
-0.385566426790927	-0.285978645980939	0.386749089015152
-0.335908398623916	-0.334643186139969	0.386749089015152
-0.28721861066655	-0.384276456521369	0.386749089015152
-0.239533369105101	-0.434875550581817	0.386749089015152
-0.192909460271657	-0.486454120485719	0.386749089015152
-0.147358028833986	-0.538982258466456	0.386749089015152
-0.102625175823149	-0.592210063953636	0.386749089015152
-0.0572314561881175	-0.644867705447339	0.386749089015152
-0.00107325259786527	-0.683047123847975	0.386749089015152
0.0557680586349119	-0.646438865327116	0.386749089015152
0.1012476567586	-0.59385745095849	0.386749089015152
0.14596707805549	-0.540617963631639	0.386749089015152
0.191487152595372	-0.488062302934785	0.386749089015152
0.238077515884707	-0.436453530342728	0.386749089015152
0.28573077517909	-0.385824453340643	0.386749089015152
0.334390219873603	-0.336161518317724	0.386749089015152
0.384018510084759	-0.287466711189399	0.386749089015152
0.434612517072892	-0.239776228118896	0.386749089015152
0.486185934410047	-0.193146829380417	0.386749089015152
0.53870951810851	-0.147590100039971	0.386749089015152
0.59193578557232	-0.10285447673025	0.386749089015152
0.644605127880365	-0.0574747389844322	0.386749089015152
0.670012799663115	0	0.446248948863636
0.635669454356419	0.0570583383659763	0.446248948863636
0.585472719515139	0.103245968937065	0.446248948863636
0.534260809132897	0.148321654478828	0.446248948863636
0.483491485245299	0.193894174619317	0.446248948863636
0.433439563281362	0.240253931960004	0.446248948863636
0.384128992418732	0.287401206158161	0.446248948863636
0.335533669117774	0.335285475070411	0.446248948863636
0.287645694485389	0.383877191214092	0.446248948863636
0.240494461375618	0.433184054987387	0.446248948863636
0.194130794529689	0.48323187108608	0.446248948863636
0.148554341371667	0.533998037555996	0.446248948863636
0.103478059021183	0.58520955689906	0.446248948863636
0.0573072370229959	0.635421937235968	0.446248948863636
0.00035096459572527	0.67001117171057	0.446248948863636
-0.0568092420602344	0.63591673935822	0.446248948863636
-0.103013647360896	0.585736107183661	0.446248948863636
-0.148088971475216	0.534523606938959	0.446248948863636
-0.193657942392216	0.483750716849026	0.446248948863636
-0.240013238445423	0.43369528784894	0.446248948863636
-0.287156655101454	0.384380897150879	0.446248948863636
-0.335037299039873	0.335781882414127	0.446248948863636
-0.383625381322621	0.287890229015596	0.446248948863636
-0.432928463052484	0.240735108992441	0.446248948863636
-0.482972606981747	0.194367134432808	0.446248948863636
-0.533735256170032	0.148787064193397	0.446248948863636
-0.584946252773446	0.103710241536989	0.446248948863636
-0.635174223976355	0.0575559069604659	0.446248948863636
-0.670006286761724	0.00070200002428085	0.446248948863636
-0.636163815902948	-0.0565599191059269	0.446248948863636
-0.585999133533643	-0.102781610895701	0.446248948863636
-0.53478641557374	-0.147856305871215	0.446248948863636
-0.484010380186323	-0.193421355790357	0.446248948863636
-0.433950765598185	-0.239772816698418	0.446248948863636
-0.384632697368787	-0.286912243285187	0.446248948863636
-0.336030113485749	-0.334789142499668	0.446248948863636
-0.288134794240649	-0.383373578712587	0.446248948863636
-0.240975745641197	-0.43267292467317	0.446248948863636
-0.194603720881624	-0.482713115301802	0.446248948863636
-0.149019771731931	-0.533472522940558	0.446248948863636
-0.103942385912559	-0.584682955888878	0.446248948863636
-0.0578043768936085	-0.634926291009348	0.446248948863636
-0.00105277322752772	-0.669998152782441	0.446248948863636
0.056310376090969	-0.63641067222415	0.446248948863636
0.102549147820828	-0.586262604597347	0.446248948863636
0.147623661516823	-0.535049230542319	0.446248948863636
0.193185164571579	-0.484269652350216	0.446248948863636
0.239532220288783	-0.434206470912974	0.446248948863636
0.286667769569402	-0.384884600294013	0.446248948863636
0.334541003637203	-0.336278364145916	0.446248948863636
0.38312186364263	-0.288379312185887	0.446248948863636
0.432417464771695	-0.241216347820825	0.446248948863636
0.482453818819576	-0.194840168452243	0.446248948863636
0.533209757241717	-0.149252535524598	0.446248948863636
0.584419735379623	-0.104174431824215	0.446248948863636
0.63467814994292	-0.0580526401305911	0.446248948863636
